Lunit = 3.048000e-01 m
Munit = 4.535000e-01 kg
Tunit = 1 s

167414.75585332618  59.72371928987072  3.1710035744427314  -0.4095343316874676  10350716.924550092  549566.5835292332  -70976.38908936338
