Lunit = 3.048000e-01 m
Munit = 4.535000e-01 kg
Tunit = 1 s

171121.5697945064  60.43088683643595  3.174844560568417  -0.3900775692388917  10503274.438154748  551808.2799014499  -67797.97511450892
