Lunit = 3.048000e-01 m
Munit = 4.535000e-01 kg
Tunit = 1 s

163652.873452326  72  3.171004461074903  -0.40953442735193585  10357317.080253784  549566.7988780675  -70976.41363578313
